1	101,25.0
2	101,10.0
3	101,10.0
4	101,25.0
5	101,20.0
1	102,15.0
2	102,6.0
3	102,6.0
4	102,15.0
5	102,12.0
1	103,20.0
2	103,8.0
3	103,8.0
4	103,20.0
5	103,16.0
1	104,20.0
2	104,8.0
3	104,8.0
4	104,20.0
5	104,16.0
1	105,10.0
2	105,4.0
3	105,4.0
4	105,10.0
5	105,8.0
1	106,10.0
2	106,4.0
3	106,4.0
4	106,10.0
5	106,8.0
1	107,5.0
2	107,2.0
3	107,2.0
4	107,5.0
5	107,4.0
1	101,9.0
2	101,7.5
5	101,9.0
6	101,12.0
1	102,12.0
2	102,10.0
5	102,12.0
6	102,16.0
1	103,12.0
2	103,10.0
5	103,12.0
6	103,16.0
1	104,6.0
2	104,5.0
5	104,6.0
6	104,8.0
1	105,6.0
2	105,5.0
5	105,6.0
6	105,8.0
1	106,3.0
2	106,2.5
5	106,3.0
6	106,4.0
1	107,3.0
2	107,2.5
5	107,3.0
6	107,4.0
1	101,10.0
2	101,20.0
4	101,12.0
5	101,8.0
6	101,8.0
1	102,10.0
2	102,20.0
4	102,12.0
5	102,8.0
6	102,8.0
1	103,12.5
2	103,25.0
4	103,15.0
5	103,10.0
6	103,10.0
1	104,7.5
2	104,15.0
4	104,9.0
5	104,6.0
6	104,6.0
1	105,5.0
2	105,10.0
4	105,6.0
5	105,4.0
6	105,4.0
1	106,5.0
2	106,10.0
4	106,6.0
5	106,4.0
6	106,4.0
1	107,2.5
2	107,5.0
4	107,3.0
5	107,2.0
6	107,2.0
2	101,8.0
3	101,16.0
4	101,18.0
5	101,16.0
2	102,4.0
3	102,8.0
4	102,9.0
5	102,8.0
2	103,6.0
3	103,12.0
4	103,13.5
5	103,12.0
2	104,8.0
3	104,16.0
4	104,18.0
5	104,16.0
2	105,4.0
3	105,8.0
4	105,9.0
5	105,8.0
2	106,4.0
3	106,8.0
4	106,9.0
5	106,8.0
2	107,2.0
3	107,4.0
4	107,4.5
5	107,4.0
3	101,9.0
5	101,7.0
6	101,7.0
3	102,9.0
5	102,7.0
6	102,7.0
3	103,9.0
5	103,7.0
6	103,7.0
3	104,9.0
5	104,7.0
6	104,7.0
3	105,13.5
5	105,10.5
6	105,10.5
3	106,4.5
5	106,3.5
6	106,3.5
3	107,9.0
5	107,7.0
6	107,7.0
4	101,8.0
5	101,8.0
4	102,4.0
5	102,4.0
4	103,8.0
5	103,8.0
4	104,8.0
5	104,8.0
4	105,4.0
5	105,4.0
4	106,8.0
5	106,8.0
3	101,5.0
6	101,4.0
3	102,5.0
6	102,4.0
3	103,5.0
6	103,4.0
3	104,5.0
6	104,4.0
3	105,10.0
6	105,8.0
3	107,10.0
6	107,8.0
